Bulk[14950]
440.153   169.222   11.281   26.323   75.210   56.407   18.802   93.221   
3996.017   620.000
0.55198559   0.21221735   0.01414782   0.03301159   0.09431882   0.07073912   0.02357971   0.00000000   1   0.58989496   
0.00000000   0.00000000   0.00000000   0.00000000   0.00000000   0.00000000   0.00000000   0.00000000   0   0.00000000   
1875.591   1875.054   0.000286449462
1351.765   0.000   523.826


Bulk[14950]
464.845   164.965   10.998   25.661   73.318   54.988   18.329   93.218   
3993.989   620.000
0.57169183   0.20288282   0.01352552   0.03155955   0.09017014   0.06762761   0.02254254   0.00000000   1   0.60150299   
0.00000000   0.00000000   0.00000000   0.00000000   0.00000000   0.00000000   0.00000000   0.00000000   0   0.00000000   
1875.602   1875.035   0.000302506638
1351.787   0.000   523.814


Bulk[14950]
489.334   160.728   10.715   25.002   71.435   53.576   17.859   93.216   
3991.981   620.000
0.59052089   0.19396379   0.01293092   0.03017214   0.08620613   0.06465460   0.02155153   0.00000000   1   0.61299322   
0.00000000   0.00000000   0.00000000   0.00000000   0.00000000   0.00000000   0.00000000   0.00000000   0   0.00000000   
1875.611   1875.016   0.000317541826
1351.808   0.000   523.804


Bulk[14950]
513.582   156.518   10.435   24.347   69.564   52.173   17.391   93.213   
3989.990   620.000
0.60850284   0.18544603   0.01236307   0.02884716   0.08242046   0.06181534   0.02060511   0.00000000   1   0.62434847   
0.00000000   0.00000000   0.00000000   0.00000000   0.00000000   0.00000000   0.00000000   0.00000000   0   0.00000000   
1875.619   1874.997   0.000331469462
1351.825   0.000   523.793


Bulk[14950]
537.554   152.343   10.156   23.698   67.708   50.781   16.927   93.211   
3988.017   620.000
0.62566937   0.17731451   0.01182097   0.02758226   0.07880645   0.05910484   0.01970161   0.00000000   1   0.63555372   
0.00000000   0.00000000   0.00000000   0.00000000   0.00000000   0.00000000   0.00000000   0.00000000   0   0.00000000   
1875.624   1874.979   0.000344218961
1351.840   0.000   523.784


Bulk[14950]
561.220   148.207   9.880   23.054   65.870   49.402   16.467   93.209   
3986.058   620.000
0.64205305   0.16955382   0.01130359   0.02637504   0.07535725   0.05651794   0.01883931   0.00000000   1   0.64659598   
0.00000000   0.00000000   0.00000000   0.00000000   0.00000000   0.00000000   0.00000000   0.00000000   0   0.00000000   
1875.627   1874.960   0.000355733312
1351.852   0.000   523.775


Bulk[14950]
584.552   144.118   9.608   22.418   64.052   48.039   16.013   93.207   
3984.113   620.000
0.65768662   0.16214845   0.01080990   0.02522309   0.07206598   0.05404948   0.01801649   0.00000000   1   0.65746404   
0.00000000   0.00000000   0.00000000   0.00000000   0.00000000   0.00000000   0.00000000   0.00000000   0   0.00000000   
1875.628   1874.942   0.000365969484
1351.862   0.000   523.766


Bulk[14950]
607.527   140.078   9.339   21.790   62.257   46.693   15.564   93.205   
3982.181   620.000
0.67260259   0.15508298   0.01033887   0.02412402   0.06892577   0.05169433   0.01723144   0.00000000   1   0.66814832   
0.00000000   0.00000000   0.00000000   0.00000000   0.00000000   0.00000000   0.00000000   0.00000000   0   0.00000000   
1875.627   1874.924   0.000374897054
1351.868   0.000   523.758


Bulk[14950]
630.125   136.094   9.073   21.170   60.486   45.365   15.122   93.203   
3980.258   620.000
0.68683295   0.14834229   0.00988949   0.02307547   0.06592990   0.04944743   0.01648248   0.00000000   1   0.67864078   
0.00000000   0.00000000   0.00000000   0.00000000   0.00000000   0.00000000   0.00000000   0.00000000   0   0.00000000   
1875.623   1874.906   0.000382498593
1351.872   0.000   523.751


Bulk[14950]
640.533   129.459   8.631   20.138   57.537   43.153   14.384   93.198   
3978.475   620.000
0.70092884   0.14166529   0.00944435   0.02203682   0.06296235   0.04722176   0.01574059   0.00000000   1   0.68934068   
0.00000000   0.00000000   0.00000000   0.00000000   0.00000000   0.00000000   0.00000000   0.00000000   0   0.00000000   
1849.391   1874.889   0.013599897426
1325.665   0.000   523.726


Bulk[14950]
635.427   132.778   8.852   20.654   59.012   44.259   14.753   93.200   
3979.421   620.000
0.69389765   0.14499585   0.00966639   0.02255491   0.06444260   0.04833195   0.01611065   0.00000000   1   0.68396649   
0.00000000   0.00000000   0.00000000   0.00000000   0.00000000   0.00000000   0.00000000   0.00000000   0   0.00000000   
1862.600   1874.898   0.006559491886
1338.861   0.000   523.738

Bulk[14950]
670.450   130.661   8.711   20.325   58.072   43.554   14.518   93.200   
3977.646   620.000
0.70850336   0.13807736   0.00920516   0.02147870   0.06136771   0.04602579   0.01534193   0.00000000   1   0.69522375   
0.00000000   0.00000000   0.00000000   0.00000000   0.00000000   0.00000000   0.00000000   0.00000000   0   0.00000000   
1884.869   1874.881   0.005326877838
1361.131   0.000   523.738